              precision    recall  f1-score   support

           0       0.00      0.00      0.00      3076
           1       0.50      0.76      0.60     30764
           2       0.00      0.00      0.00      3454
           3       0.30      0.21      0.25     17452
           4       0.00      0.00      0.00      3753
           5       0.00      0.00      0.00      1257

    accuracy                           0.45     59756
   macro avg       0.13      0.16      0.14     59756
weighted avg       0.34      0.45      0.38     59756
